
two <- 1 + 1 
three <- 2 + 1 