
two <- 1 + 1 
three <- 2 + 1 
four <- 3 + 1 